Building environment
Loading table
Loading bricks
Updating robot positions
UR3 PROCEED: Brick within reach for UR3
UR5 PROCEED: Brick within reach for UR5
Picking up bricks
UR3 transform:
   -1.0000    0.0000         0    0.6500
   -0.0000   -0.0000   -1.0000   -0.1942
   -0.0000   -1.0000    0.0000    1.1942
         0         0         0    1.0000

UR5 transform:
    0.0000   -0.0000   -1.0000    0.1090
    1.0000   -0.0000    0.0000    0.0000
   -0.0000   -1.0000    0.0000    1.5703
         0         0         0    1.0000

UR3 transform:
   -1.0000    0.0000         0    0.6500
   -0.0000   -0.0000   -1.0000   -0.1942
   -0.0000   -1.0000    0.0000    1.1942
         0         0         0    1.0000

UR5 transform:
    0.0000   -0.0000   -1.0000    0.1090
    1.0000   -0.0000    0.0000    0.0000
   -0.0000   -1.0000    0.0000    1.5703
         0         0         0    1.0000

UR3 transform:
   -1.0000   -0.0000    0.0000    0.6500
   -0.0000    0.0000   -1.0000   -0.1942
    0.0000   -1.0000   -0.0000    1.1941
         0         0         0    1.0000

UR5 transform:
   -0.0000    0.0000   -1.0000    0.1090
    1.0000   -0.0001   -0.0000    0.0000
   -0.0001   -1.0000   -0.0000    1.5703
         0         0         0    1.0000

UR3 transform:
   -1.0000   -0.0000    0.0001    0.6501
   -0.0001    0.0000   -1.0000   -0.1942
    0.0000   -1.0000   -0.0000    1.1941
         0         0         0    1.0000

UR5 transform:
   -0.0000    0.0000   -1.0000    0.1089
    1.0000   -0.0005   -0.0000    0.0002
   -0.0005   -1.0000   -0.0000    1.5703
         0         0         0    1.0000

UR3 transform:
   -1.0000   -0.0000    0.0004    0.6503
   -0.0004    0.0000   -1.0000   -0.1942
    0.0000   -1.0000   -0.0000    1.1941
         0         0         0    1.0000

UR5 transform:
   -0.0000    0.0000   -1.0000    0.1088
    1.0000   -0.0017   -0.0000    0.0005
   -0.0017   -1.0000   -0.0000    1.5703
         0         0         0    1.0000

UR3 transform:
   -1.0000   -0.0000    0.0009    0.6508
   -0.0009    0.0000   -1.0000   -0.1942
    0.0000   -1.0000   -0.0000    1.1941
         0         0         0    1.0000

UR5 transform:
   -0.0000    0.0000   -1.0000    0.1085
    1.0000   -0.0039   -0.0000    0.0013
   -0.0039   -1.0000   -0.0000    1.5703
         0         0         0    1.0000

UR3 transform:
   -1.0000   -0.0000    0.0018    0.6515
   -0.0018    0.0000   -1.0000   -0.1942
    0.0000   -1.0000   -0.0000    1.1941
         0         0         0    1.0000

UR5 transform:
   -0.0000    0.0000   -1.0000    0.1080
    1.0000   -0.0075   -0.0000    0.0024
   -0.0075   -1.0000   -0.0000    1.5703
         0         0         0    1.0000

UR3 transform:
   -1.0000   -0.0000    0.0031    0.6526
   -0.0031    0.0000   -1.0000   -0.1942
    0.0000   -1.0000   -0.0000    1.1941
         0         0         0    1.0000

UR5 transform:
   -0.0000    0.0000   -1.0000    0.1074
    0.9999   -0.0127   -0.0000    0.0041
   -0.0127   -0.9999   -0.0000    1.5703
         0         0         0    1.0000

UR3 transform:
   -1.0000   -0.0000    0.0048    0.6540
   -0.0048    0.0000   -1.0000   -0.1942
    0.0000   -1.0000   -0.0000    1.1941
         0         0         0    1.0000

UR5 transform:
   -0.0000    0.0000   -1.0000    0.1065
    0.9998   -0.0199   -0.0000    0.0065
   -0.0199   -0.9998   -0.0000    1.5703
         0         0         0    1.0000

UR3 transform:
   -1.0000   -0.0000    0.0071    0.6559
   -0.0071    0.0001   -1.0000   -0.1942
    0.0000   -1.0000   -0.0001    1.1941
         0         0         0    1.0000

UR5 transform:
   -0.0000    0.0000   -1.0000    0.1053
    0.9996   -0.0293   -0.0000    0.0095
   -0.0293   -0.9996   -0.0000    1.5703
         0         0         0    1.0000

UR3 transform:
   -1.0000   -0.0000    0.0099    0.6583
   -0.0099    0.0001   -1.0000   -0.1942
   -0.0000   -1.0000   -0.0001    1.1941
         0         0         0    1.0000

UR5 transform:
   -0.0000    0.0000   -1.0000    0.1038
    0.9992   -0.0410   -0.0000    0.0133
   -0.0410   -0.9992   -0.0000    1.5702
         0         0         0    1.0000

UR3 transform:
   -0.9999   -0.0000    0.0133    0.6612
   -0.0133    0.0002   -0.9999   -0.1942
   -0.0000   -1.0000   -0.0002    1.1940
         0         0         0    1.0000

UR5 transform:
   -0.0000    0.0000   -1.0000    0.1020
    0.9985   -0.0553   -0.0000    0.0180
   -0.0553   -0.9985   -0.0000    1.5701
         0         0         0    1.0000

UR3 transform:
   -0.9998   -0.0000    0.0175    0.6647
   -0.0175    0.0003   -0.9998   -0.1941
   -0.0000   -1.0000   -0.0003    1.1939
         0         0         0    1.0000

UR5 transform:
   -0.0000    0.0000   -1.0000    0.0998
    0.9974   -0.0724   -0.0000    0.0236
   -0.0724   -0.9974   -0.0000    1.5699
         0         0         0    1.0000

UR3 transform:
   -0.9998   -0.0000    0.0223    0.6688
   -0.0223    0.0005   -0.9998   -0.1940
   -0.0000   -1.0000   -0.0005    1.1938
         0         0         0    1.0000

UR5 transform:
   -0.0001    0.0000   -1.0000    0.0972
    0.9957   -0.0924   -0.0001    0.0301
   -0.0924   -0.9957   -0.0000    1.5697
         0         0         0    1.0000

UR3 transform:
   -0.9996   -0.0000    0.0279    0.6735
   -0.0279    0.0008   -0.9996   -0.1939
   -0.0000   -1.0000   -0.0008    1.1936
         0         0         0    1.0000

UR5 transform:
   -0.0001    0.0000   -1.0000    0.0943
    0.9933   -0.1155   -0.0001    0.0376
   -0.1155   -0.9933   -0.0000    1.5693
         0         0         0    1.0000

UR3 transform:
   -0.9994   -0.0000    0.0342    0.6789
   -0.0342    0.0012   -0.9994   -0.1938
   -0.0000   -1.0000   -0.0012    1.1934
         0         0         0    1.0000

UR5 transform:
   -0.0001    0.0000   -1.0000    0.0909
    0.9899   -0.1416   -0.0001    0.0462
   -0.1416   -0.9899   -0.0000    1.5688
         0         0         0    1.0000

UR3 transform:
   -0.9991   -0.0001    0.0414    0.6849
   -0.0414    0.0018   -0.9991   -0.1936
   -0.0000   -1.0000   -0.0018    1.1930
         0         0         0    1.0000

UR5 transform:
   -0.0001    0.0000   -1.0000    0.0871
    0.9853   -0.1710   -0.0001    0.0558
   -0.1710   -0.9853   -0.0000    1.5681
         0         0         0    1.0000

UR3 transform:
   -0.9988   -0.0001    0.0493    0.6916
   -0.0493    0.0025   -0.9988   -0.1933
   -0.0000   -1.0000   -0.0025    1.1925
         0         0         0    1.0000

UR5 transform:
   -0.0001    0.0001   -1.0000    0.0829
    0.9790   -0.2037   -0.0001    0.0666
   -0.2037   -0.9790   -0.0000    1.5671
         0         0         0    1.0000

UR3 transform:
   -0.9983   -0.0002    0.0581    0.6990
   -0.0581    0.0035   -0.9983   -0.1929
   -0.0000   -1.0000   -0.0035    1.1919
         0         0         0    1.0000

UR5 transform:
   -0.0001    0.0001   -1.0000    0.0782
    0.9709   -0.2395   -0.0002    0.0785
   -0.2395   -0.9709   -0.0000    1.5659
         0         0         0    1.0000

UR3 transform:
   -0.9977   -0.0002    0.0677    0.7072
   -0.0677    0.0048   -0.9977   -0.1924
   -0.0001   -1.0000   -0.0048    1.1910
         0         0         0    1.0000

UR5 transform:
   -0.0002    0.0001   -1.0000    0.0730
    0.9605   -0.2784   -0.0002    0.0915
   -0.2784   -0.9605   -0.0001    1.5642
         0         0         0    1.0000

UR3 transform:
   -0.9969   -0.0004    0.0781    0.7160
   -0.0781    0.0064   -0.9969   -0.1917
   -0.0001   -1.0000   -0.0064    1.1900
         0         0         0    1.0000

UR5 transform:
   -0.0002    0.0001   -1.0000    0.0674
    0.9473   -0.3204   -0.0002    0.1056
   -0.3204   -0.9473   -0.0001    1.5622
         0         0         0    1.0000

UR3 transform:
   -0.9960   -0.0006    0.0893    0.7255
   -0.0893    0.0084   -0.9960   -0.1910
   -0.0002   -1.0000   -0.0084    1.1887
         0         0         0    1.0000

UR5 transform:
   -0.0002    0.0002   -1.0000    0.0613
    0.9310   -0.3651   -0.0002    0.1208
   -0.3651   -0.9310   -0.0001    1.5597
         0         0         0    1.0000

UR3 transform:
   -0.9949   -0.0008    0.1012    0.7358
   -0.1012    0.0108   -0.9948   -0.1900
   -0.0003   -0.9999   -0.0108    1.1871
         0         0         0    1.0000

UR5 transform:
   -0.0002    0.0002   -1.0000    0.0548
    0.9110   -0.4124   -0.0003    0.1371
   -0.4124   -0.9110   -0.0001    1.5566
         0         0         0    1.0000

UR3 transform:
   -0.9935   -0.0012    0.1139    0.7467
   -0.1139    0.0137   -0.9934   -0.1888
   -0.0004   -0.9999   -0.0138    1.1851
         0         0         0    1.0000

UR5 transform:
   -0.0002    0.0003   -1.0000    0.0478
    0.8870   -0.4619   -0.0003    0.1545
   -0.4619   -0.8870   -0.0002    1.5528
         0         0         0    1.0000

UR3 transform:
   -0.9919   -0.0017    0.1273    0.7583
   -0.1273    0.0172   -0.9917   -0.1874
   -0.0005   -0.9999   -0.0173    1.1828
         0         0         0    1.0000

UR5 transform:
   -0.0002    0.0004   -1.0000    0.0403
    0.8583   -0.5131   -0.0004    0.1730
   -0.5131   -0.8583   -0.0002    1.5483
         0         0         0    1.0000

UR3 transform:
   -0.9900   -0.0023    0.1413    0.7705
   -0.1413    0.0213   -0.9897   -0.1858
   -0.0007   -0.9998   -0.0215    1.1800
         0         0         0    1.0000

UR5 transform:
   -0.0002    0.0005   -1.0000    0.0323
    0.8247   -0.5656   -0.0004    0.1923
   -0.5656   -0.8247   -0.0003    1.5430
         0         0         0    1.0000

UR3 transform:
   -0.9878   -0.0031    0.1559    0.7833
   -0.1559    0.0262   -0.9874   -0.1839
   -0.0010   -0.9997   -0.0263    1.1768
         0         0         0    1.0000

UR5 transform:
   -0.0002    0.0006   -1.0000    0.0238
    0.7855   -0.6188   -0.0005    0.2126
   -0.6188   -0.7855   -0.0003    1.5367
         0         0         0    1.0000

UR3 transform:
   -0.9853   -0.0042    0.1709    0.7966
   -0.1709    0.0317   -0.9848   -0.1816
   -0.0013   -0.9995   -0.0320    1.1730
         0         0         0    1.0000

UR5 transform:
   -0.0002    0.0007   -1.0000    0.0149
    0.7406   -0.6720   -0.0006    0.2338
   -0.6720   -0.7406   -0.0004    1.5295
         0         0         0    1.0000

UR3 transform:
   -0.9825   -0.0055    0.1863    0.8105
   -0.1864    0.0381   -0.9817   -0.1791
   -0.0017   -0.9993   -0.0384    1.1687
         0         0         0    1.0000

UR5 transform:
   -0.0001    0.0008   -1.0000    0.0055
    0.6895   -0.7243   -0.0007    0.2556
   -0.7243   -0.6895   -0.0005    1.5211
         0         0         0    1.0000

UR3 transform:
   -0.9794   -0.0071    0.2020    0.8248
   -0.2021    0.0453   -0.9783   -0.1761
   -0.0022   -0.9989   -0.0458    1.1637
         0         0         0    1.0000

UR5 transform:
   -0.0000    0.0010   -1.0000   -0.0043
    0.6320   -0.7750   -0.0008    0.2781
   -0.7750   -0.6320   -0.0006    1.5117
         0         0         0    1.0000

UR3 transform:
   -0.9759   -0.0091    0.2179    0.8395
   -0.2180    0.0534   -0.9745   -0.1728
   -0.0028   -0.9985   -0.0541    1.1581
         0         0         0    1.0000

UR5 transform:
    0.0000    0.0011   -1.0000   -0.0145
    0.5680   -0.8230   -0.0009    0.3012
   -0.8230   -0.5680   -0.0007    1.5009
         0         0         0    1.0000

UR3 transform:
   -0.9722   -0.0114    0.2337    0.8545
   -0.2340    0.0624   -0.9702   -0.1691
   -0.0035   -0.9980   -0.0633    1.1518
         0         0         0    1.0000

UR5 transform:
    0.0002    0.0013   -1.0000   -0.0252
    0.4976   -0.8674   -0.0010    0.3246
   -0.8674   -0.4976   -0.0008    1.4889
         0         0         0    1.0000

UR3 transform:
   -0.9683   -0.0143    0.2495    0.8697
   -0.2499    0.0723   -0.9656   -0.1650
   -0.0042   -0.9973   -0.0735    1.1447
         0         0         0    1.0000

UR5 transform:
    0.0003    0.0014   -1.0000   -0.0363
    0.4208   -0.9072   -0.0012    0.3483
   -0.9072   -0.4208   -0.0009    1.4756
         0         0         0    1.0000

UR3 transform:
   -0.9641   -0.0176    0.2650    0.8851
   -0.2655    0.0831   -0.9605   -0.1605
   -0.0051   -0.9964   -0.0848    1.1368
         0         0         0    1.0000

UR5 transform:
    0.0005    0.0016   -1.0000   -0.0478
    0.3379   -0.9412   -0.0013    0.3721
   -0.9412   -0.3379   -0.0010    1.4608
         0         0         0    1.0000

UR3 transform:
   -0.9598   -0.0214    0.2800    0.9005
   -0.2808    0.0948   -0.9551   -0.1555
   -0.0061   -0.9953   -0.0970    1.1282
         0         0         0    1.0000

UR5 transform:
    0.0007    0.0017   -1.0000   -0.0597
    0.2495   -0.9684   -0.0015    0.3959
   -0.9684   -0.2495   -0.0011    1.4447
         0         0         0    1.0000

UR3 transform:
   -0.9553   -0.0258    0.2945    0.9160
   -0.2955    0.1074   -0.9493   -0.1501
   -0.0072   -0.9939   -0.1103    1.1187
         0         0         0    1.0000

UR5 transform:
    0.0009    0.0019   -1.0000   -0.0720
    0.1561   -0.9877   -0.0017    0.4195
   -0.9877   -0.1561   -0.0012    1.4271
         0         0         0    1.0000

UR3 transform:
   -0.9508   -0.0307    0.3082    0.9313
   -0.3096    0.1209   -0.9432   -0.1443
   -0.0083   -0.9922   -0.1245    1.1084
         0         0         0    1.0000

UR5 transform:
    0.0012    0.0020   -1.0000   -0.0846
    0.0585   -0.9983   -0.0019    0.4427
   -0.9983   -0.0585   -0.0013    1.4081
         0         0         0    1.0000

UR3 transform:
   -0.9464   -0.0362    0.3210    0.9463
   -0.3229    0.1351   -0.9368   -0.1380
   -0.0094   -0.9902   -0.1396    1.0972
         0         0         0    1.0000

UR5 transform:
    0.0016    0.0021   -1.0000   -0.0975
   -0.0421   -0.9991   -0.0022    0.4655
   -0.9991    0.0421   -0.0015    1.3877
         0         0         0    1.0000

UR3 transform:
   -0.9421   -0.0423    0.3327    0.9611
   -0.3352    0.1500   -0.9301   -0.1314
   -0.0106   -0.9878   -0.1555    1.0852
         0         0         0    1.0000

UR5 transform:
    0.0019    0.0022   -1.0000   -0.1108
   -0.1448   -0.9895   -0.0025    0.4875
   -0.9895    0.1448   -0.0016    1.3660
         0         0         0    1.0000

UR3 transform:
   -0.9380   -0.0489    0.3431    0.9754
   -0.3464    0.1655   -0.9234   -0.1243
   -0.0116   -0.9850   -0.1722    1.0723
         0         0         0    1.0000

UR5 transform:
    0.0023    0.0023   -1.0000   -0.1244
   -0.2481   -0.9687   -0.0028    0.5088
   -0.9687    0.2481   -0.0017    1.3430
         0         0         0    1.0000

UR3 transform:
   -0.9342   -0.0560    0.3522    0.9892
   -0.3564    0.1815   -0.9165   -0.1170
   -0.0126   -0.9818   -0.1895    1.0587
         0         0         0    1.0000

UR5 transform:
    0.0028    0.0023   -1.0000   -0.1382
   -0.3506   -0.9365   -0.0031    0.5291
   -0.9365    0.3506   -0.0018    1.3187
         0         0         0    1.0000

UR3 transform:
   -0.9309   -0.0635    0.3598    1.0024
   -0.3651    0.1978   -0.9097   -0.1093
   -0.0134   -0.9782   -0.2073    1.0442
         0         0         0    1.0000

UR5 transform:
    0.0032    0.0022   -1.0000   -0.1523
   -0.4508   -0.8926   -0.0035    0.5482
   -0.8926    0.4508   -0.0019    1.2934
         0         0         0    1.0000

UR3 transform:
   -0.9280   -0.0714    0.3658    1.0149
   -0.3724    0.2144   -0.9030   -0.1013
   -0.0140   -0.9741   -0.2255    1.0290
         0         0         0    1.0000

UR5 transform:
    0.0037    0.0022   -1.0000   -0.1666
   -0.5471   -0.8370   -0.0038    0.5662
   -0.8370    0.5472   -0.0019    1.2670
         0         0         0    1.0000

UR3 transform:
   -0.9256   -0.0795    0.3700    1.0266
   -0.3782    0.2311   -0.8964   -0.0932
   -0.0142   -0.9697   -0.2439    1.0131
         0         0         0    1.0000

UR5 transform:
    0.0042    0.0020   -1.0000   -0.1811
   -0.6379   -0.7701   -0.0042    0.5828
   -0.7701    0.6379   -0.0020    1.2398
         0         0         0    1.0000

UR3 transform:
   -0.9239   -0.0878    0.3725    1.0374
   -0.3824    0.2477   -0.8902   -0.0848
   -0.0141   -0.9649   -0.2624    0.9966
         0         0         0    1.0000

UR5 transform:
    0.0047    0.0018   -1.0000   -0.1958
   -0.7216   -0.6923   -0.0046    0.5979
   -0.6923    0.7216   -0.0020    1.2119
         0         0         0    1.0000

UR3 transform:
   -0.9228   -0.0961    0.3731    1.0473
   -0.3850    0.2641   -0.8843   -0.0763
   -0.0135   -0.9597   -0.2807    0.9795
         0         0         0    1.0000

UR5 transform:
    0.0052    0.0015   -1.0000   -0.2107
   -0.7966   -0.6045   -0.0051    0.6115
   -0.6045    0.7966   -0.0020    1.1834
         0         0         0    1.0000

UR3 transform:
   -0.9224   -0.1043    0.3718    1.0562
   -0.3859    0.2801   -0.8790   -0.0678
   -0.0125   -0.9543   -0.2986    0.9618
         0         0         0    1.0000

UR5 transform:
    0.0057    0.0011   -1.0000   -0.2257
   -0.8615   -0.5078   -0.0055    0.6236
   -0.5078    0.8615   -0.0019    1.1544
         0         0         0    1.0000

UR3 transform:
   -0.9228   -0.1123    0.3687    1.0640
   -0.3852    0.2956   -0.8742   -0.0593
   -0.0108   -0.9487   -0.3160    0.9438
         0         0         0    1.0000

UR5 transform:
    0.0062    0.0007   -1.0000   -0.2408
   -0.9150   -0.4033   -0.0059    0.6340
   -0.4033    0.9150   -0.0018    1.1252
         0         0         0    1.0000

UR3 transform:
   -0.9238   -0.1200    0.3637    1.0707
   -0.3829    0.3105   -0.8701   -0.0509
   -0.0085   -0.9430   -0.3327    0.9253
         0         0         0    1.0000

UR5 transform:
    0.0066    0.0002   -1.0000   -0.2560
   -0.9562   -0.2927   -0.0064    0.6428
   -0.2927    0.9562   -0.0017    1.0959
         0         0         0    1.0000

UR3 transform:
   -0.9254   -0.1272    0.3570    1.0764
   -0.3789    0.3245   -0.8667   -0.0426
   -0.0056   -0.9373   -0.3485    0.9067
         0         0         0    1.0000

UR5 transform:
    0.0070   -0.0003   -1.0000   -0.2712
   -0.9841   -0.1775   -0.0068    0.6500
   -0.1775    0.9841   -0.0016    1.0667
         0         0         0    1.0000

UR3 transform:
   -0.9277   -0.1338    0.3485    1.0808
   -0.3733    0.3376   -0.8641   -0.0345
   -0.0020   -0.9317   -0.3631    0.8878
         0         0         0    1.0000

UR5 transform:
    0.0073   -0.0010   -1.0000   -0.2865
   -0.9982   -0.0595   -0.0072    0.6556
   -0.0595    0.9982   -0.0014    1.0377
         0         0         0    1.0000

UR3 transform:
   -0.9305   -0.1398    0.3385    1.0842
   -0.3662    0.3495   -0.8624   -0.0267
    0.0022   -0.9264   -0.3764    0.8689
         0         0         0    1.0000

UR5 transform:
    0.0076   -0.0016   -1.0000   -0.3018
   -0.9982    0.0594   -0.0076    0.6597
    0.0594    0.9982   -0.0012    1.0091
         0         0         0    1.0000

UR3 transform:
   -0.9338   -0.1449    0.3270    1.0864
   -0.3576    0.3603   -0.8616   -0.0191
    0.0070   -0.9215   -0.3883    0.8500
         0         0         0    1.0000

UR5 transform:
    0.0078   -0.0023   -1.0000   -0.3171
   -0.9841    0.1774   -0.0080    0.6623
    0.1774    0.9841   -0.0009    0.9810
         0         0         0    1.0000

UR3 transform:
   -0.9375   -0.1493    0.3142    1.0876
   -0.3477    0.3697   -0.8616   -0.0120
    0.0124   -0.9171   -0.3985    0.8312
         0         0         0    1.0000

UR5 transform:
    0.0079   -0.0031   -1.0000   -0.3323
   -0.9562    0.2926   -0.0084    0.6635
    0.2926    0.9562   -0.0006    0.9536
         0         0         0    1.0000

UR3 transform:
   -0.9415   -0.1527    0.3003    1.0877
   -0.3364    0.3778   -0.8626   -0.0053
    0.0183   -0.9132   -0.4071    0.8126
         0         0         0    1.0000

UR5 transform:
    0.0079   -0.0038   -1.0000   -0.3475
   -0.9151    0.4032   -0.0087    0.6634
    0.4032    0.9151   -0.0003    0.9269
         0         0         0    1.0000

UR3 transform:
   -0.9457   -0.1553    0.2855    1.0867
   -0.3240    0.3843   -0.8645    0.0010
    0.0245   -0.9101   -0.4137    0.7943
         0         0         0    1.0000

UR5 transform:
    0.0078   -0.0046   -1.0000   -0.3625
   -0.8615    0.5076   -0.0091    0.6621
    0.5077    0.8616   -0.0000    0.9011
         0         0         0    1.0000

UR3 transform:
   -0.9500   -0.1569    0.2698    1.0848
   -0.3106    0.3892   -0.8672    0.0068
    0.0311   -0.9077   -0.4184    0.7763
         0         0         0    1.0000

UR5 transform:
    0.0076   -0.0054   -1.0000   -0.3775
   -0.7966    0.6044   -0.0093    0.6598
    0.6044    0.7967    0.0003    0.8762
         0         0         0    1.0000

UR3 transform:
   -0.9544   -0.1576    0.2536    1.0820
   -0.2962    0.3924   -0.8708    0.0121
    0.0377   -0.9062   -0.4212    0.7588
         0         0         0    1.0000

UR5 transform:
    0.0074   -0.0061   -1.0000   -0.3923
   -0.7216    0.6922   -0.0096    0.6565
    0.6922    0.7217    0.0007    0.8524
         0         0         0    1.0000

UR3 transform:
   -0.9587   -0.1574    0.2370    1.0783
   -0.2810    0.3939   -0.8751    0.0168
    0.0444   -0.9056   -0.4219    0.7419
         0         0         0    1.0000

UR5 transform:
    0.0071   -0.0068   -1.0000   -0.4069
   -0.6380    0.7700   -0.0097    0.6523
    0.7700    0.6380    0.0011    0.8296
         0         0         0    1.0000

UR3 transform:
   -0.9628   -0.1564    0.2201    1.0739
   -0.2652    0.3937   -0.8801    0.0210
    0.0510   -0.9058   -0.4206    0.7255
         0         0         0    1.0000

UR5 transform:
    0.0066   -0.0075   -0.9999   -0.4214
   -0.5472    0.8369   -0.0099    0.6474
    0.8370    0.5473    0.0015    0.8079
         0         0         0    1.0000

UR3 transform:
   -0.9668   -0.1546    0.2033    1.0688
   -0.2489    0.3918   -0.8857    0.0246
    0.0572   -0.9070   -0.4173    0.7097
         0         0         0    1.0000

UR5 transform:
    0.0062   -0.0081   -0.9999   -0.4356
   -0.4509    0.8925   -0.0100    0.6419
    0.8925    0.4510    0.0018    0.7873
         0         0         0    1.0000

UR3 transform:
   -0.9706   -0.1520    0.1866    1.0631
   -0.2323    0.3881   -0.8918    0.0276
    0.0631   -0.9090   -0.4120    0.6947
         0         0         0    1.0000

UR5 transform:
    0.0056   -0.0087   -0.9999   -0.4496
   -0.3507    0.9364   -0.0101    0.6360
    0.9365    0.3507    0.0022    0.7679
         0         0         0    1.0000

UR3 transform:
   -0.9741   -0.1488    0.1703    1.0569
   -0.2155    0.3828   -0.8984    0.0301
    0.0685   -0.9118   -0.4049    0.6803
         0         0         0    1.0000

UR5 transform:
    0.0050   -0.0091   -0.9999   -0.4634
   -0.2482    0.9687   -0.0101    0.6296
    0.9687    0.2482    0.0026    0.7496
         0         0         0    1.0000

UR3 transform:
   -0.9773   -0.1450    0.1544    1.0502
   -0.1987    0.3758   -0.9052    0.0321
    0.0732   -0.9153   -0.3960    0.6668
         0         0         0    1.0000

UR5 transform:
    0.0044   -0.0095   -0.9999   -0.4769
   -0.1449    0.9894   -0.0101    0.6230
    0.9894    0.1449    0.0029    0.7323
         0         0         0    1.0000

UR3 transform:
   -0.9803   -0.1406    0.1390    1.0432
   -0.1821    0.3671   -0.9122    0.0336
    0.0772   -0.9195   -0.3855    0.6540
         0         0         0    1.0000

UR5 transform:
    0.0037   -0.0099   -0.9999   -0.4901
   -0.0422    0.9991   -0.0100    0.6162
    0.9991    0.0423    0.0033    0.7161
         0         0         0    1.0000

UR3 transform:
   -0.9829   -0.1358    0.1244    1.0359
   -0.1657    0.3570   -0.9193    0.0345
    0.0804   -0.9242   -0.3734    0.6420
         0         0         0    1.0000

UR5 transform:
    0.0030   -0.0101   -0.9999   -0.5029
    0.0584    0.9982   -0.0100    0.6093
    0.9983   -0.0584    0.0036    0.7010
         0         0         0    1.0000

UR3 transform:
   -0.9852   -0.1306    0.1106    1.0284
   -0.1498    0.3455   -0.9264    0.0350
    0.0828   -0.9293   -0.3600    0.6308
         0         0         0    1.0000

UR5 transform:
    0.0023   -0.0103   -0.9999   -0.5155
    0.1560    0.9877   -0.0098    0.6024
    0.9878   -0.1559    0.0038    0.6868
         0         0         0    1.0000

UR3 transform:
   -0.9873   -0.1251    0.0976    1.0208
   -0.1344    0.3327   -0.9334    0.0352
    0.0843   -0.9347   -0.3453    0.6203
         0         0         0    1.0000

UR5 transform:
    0.0016   -0.0104   -0.9999   -0.5276
    0.2494    0.9684   -0.0097    0.5955
    0.9684   -0.2493    0.0041    0.6736
         0         0         0    1.0000

UR3 transform:
   -0.9892   -0.1193    0.0855    1.0132
   -0.1197    0.3188   -0.9402    0.0349
    0.0849   -0.9403   -0.3296    0.6107
         0         0         0    1.0000

UR5 transform:
    0.0009   -0.0105   -0.9999   -0.5395
    0.3378    0.9412   -0.0096    0.5887
    0.9412   -0.3378    0.0043    0.6613
         0         0         0    1.0000

UR3 transform:
   -0.9908   -0.1133    0.0744    1.0056
   -0.1058    0.3039   -0.9468    0.0342
    0.0847   -0.9460   -0.3131    0.6019
         0         0         0    1.0000

UR5 transform:
    0.0002   -0.0104   -0.9999   -0.5509
    0.4207    0.9072   -0.0094    0.5821
    0.9072   -0.4207    0.0045    0.6498
         0         0         0    1.0000

UR3 transform:
   -0.9922   -0.1071    0.0642    0.9980
   -0.0927    0.2881   -0.9531    0.0333
    0.0836   -0.9516   -0.2958    0.5938
         0         0         0    1.0000

UR5 transform:
   -0.0005   -0.0103   -0.9999   -0.5619
    0.4975    0.8674   -0.0092    0.5757
    0.8675   -0.4975    0.0047    0.6392
         0         0         0    1.0000

UR3 transform:
   -0.9934   -0.1008    0.0549    0.9906
   -0.0806    0.2717   -0.9590    0.0321
    0.0818   -0.9571   -0.2780    0.5864
         0         0         0    1.0000

UR5 transform:
   -0.0011   -0.0102   -0.9999   -0.5726
    0.5680    0.8230   -0.0090    0.5695
    0.8231   -0.5679    0.0049    0.6292
         0         0         0    1.0000

UR3 transform:
   -0.9944   -0.0945    0.0466    0.9833
   -0.0694    0.2548   -0.9645    0.0307
    0.0793   -0.9624   -0.2599    0.5797
         0         0         0    1.0000

UR5 transform:
   -0.0017   -0.0100   -0.9999   -0.5828
    0.6319    0.7750   -0.0088    0.5635
    0.7750   -0.6319    0.0050    0.6200
         0         0         0    1.0000

UR3 transform:
   -0.9953   -0.0881    0.0392    0.9762
   -0.0592    0.2376   -0.9696    0.0292
    0.0761   -0.9674   -0.2417    0.5737
         0         0         0    1.0000

UR5 transform:
   -0.0022   -0.0097   -1.0000   -0.5926
    0.6894    0.7243   -0.0086    0.5578
    0.7244   -0.6894    0.0051    0.6115
         0         0         0    1.0000

UR3 transform:
   -0.9961   -0.0818    0.0326    0.9694
   -0.0500    0.2202   -0.9742    0.0274
    0.0725   -0.9720   -0.2234    0.5683
         0         0         0    1.0000

UR5 transform:
   -0.0027   -0.0094   -1.0000   -0.6019
    0.7405    0.6720   -0.0084    0.5524
    0.6721   -0.7405    0.0051    0.6035
         0         0         0    1.0000

UR3 transform:
   -0.9968   -0.0754    0.0269    0.9629
   -0.0418    0.2028   -0.9783    0.0256
    0.0684   -0.9763   -0.2053    0.5634
         0         0         0    1.0000

UR5 transform:
   -0.0032   -0.0091   -1.0000   -0.6108
    0.7855    0.6189   -0.0082    0.5472
    0.6189   -0.7854    0.0052    0.5962
         0         0         0    1.0000

UR3 transform:
   -0.9974   -0.0692    0.0220    0.9567
   -0.0345    0.1855   -0.9820    0.0237
    0.0639   -0.9802   -0.1874    0.5591
         0         0         0    1.0000

UR5 transform:
   -0.0036   -0.0088   -1.0000   -0.6192
    0.8246    0.5657   -0.0080    0.5424
    0.5657   -0.8246    0.0052    0.5894
         0         0         0    1.0000

UR3 transform:
   -0.9978   -0.0631    0.0177    0.9508
   -0.0282    0.1686   -0.9853    0.0218
    0.0592   -0.9837   -0.1700    0.5553
         0         0         0    1.0000

UR5 transform:
   -0.0040   -0.0085   -1.0000   -0.6271
    0.8582    0.5132   -0.0078    0.5378
    0.5132   -0.8582    0.0052    0.5831
         0         0         0    1.0000

UR3 transform:
   -0.9983   -0.0572    0.0141    0.9452
   -0.0227    0.1522   -0.9881    0.0198
    0.0543   -0.9867   -0.1532    0.5520
         0         0         0    1.0000

UR5 transform:
   -0.0043   -0.0081   -1.0000   -0.6346
    0.8869    0.4619   -0.0076    0.5336
    0.4620   -0.8869    0.0052    0.5773
         0         0         0    1.0000

UR3 transform:
   -0.9986   -0.0514    0.0111    0.9399
   -0.0180    0.1362   -0.9905    0.0179
    0.0494   -0.9893   -0.1370    0.5491
         0         0         0    1.0000

UR5 transform:
   -0.0046   -0.0078   -1.0000   -0.6416
    0.9109    0.4125   -0.0074    0.5296
    0.4125   -0.9109    0.0052    0.5720
         0         0         0    1.0000

UR3 transform:
   -0.9989   -0.0459    0.0086    0.9351
   -0.0141    0.1210   -0.9926    0.0160
    0.0445   -0.9916   -0.1215    0.5465
         0         0         0    1.0000

UR5 transform:
   -0.0049   -0.0075   -1.0000   -0.6482
    0.9309    0.3652   -0.0073    0.5259
    0.3652   -0.9309    0.0052    0.5671
         0         0         0    1.0000

UR3 transform:
   -0.9992   -0.0406    0.0066    0.9305
   -0.0109    0.1065   -0.9942    0.0142
    0.0396   -0.9935   -0.1069    0.5443
         0         0         0    1.0000

UR5 transform:
   -0.0051   -0.0071   -1.0000   -0.6543
    0.9472    0.3204   -0.0071    0.5226
    0.3205   -0.9472    0.0051    0.5626
         0         0         0    1.0000

UR3 transform:
   -0.9994   -0.0356    0.0049    0.9264
   -0.0082    0.0929   -0.9956    0.0124
    0.0349   -0.9950   -0.0931    0.5424
         0         0         0    1.0000

UR5 transform:
   -0.0053   -0.0068   -1.0000   -0.6599
    0.9604    0.2785   -0.0070    0.5194
    0.2785   -0.9604    0.0051    0.5585
         0         0         0    1.0000

UR3 transform:
   -0.9995   -0.0308    0.0036    0.9226
   -0.0061    0.0802   -0.9968    0.0108
    0.0305   -0.9963   -0.0803    0.5408
         0         0         0    1.0000

UR5 transform:
   -0.0054   -0.0065   -1.0000   -0.6650
    0.9709    0.2396   -0.0068    0.5166
    0.2396   -0.9709    0.0050    0.5548
         0         0         0    1.0000

UR3 transform:
   -0.9996   -0.0264    0.0026    0.9191
   -0.0044    0.0684   -0.9976    0.0093
    0.0262   -0.9973   -0.0685    0.5394
         0         0         0    1.0000

UR5 transform:
   -0.0056   -0.0063   -1.0000   -0.6697
    0.9790    0.2037   -0.0067    0.5140
    0.2038   -0.9790    0.0050    0.5514
         0         0         0    1.0000

UR3 transform:
   -0.9997   -0.0224    0.0018    0.9160
   -0.0031    0.0577   -0.9983    0.0078
    0.0222   -0.9981   -0.0577    0.5382
         0         0         0    1.0000

UR5 transform:
   -0.0057   -0.0060   -1.0000   -0.6739
    0.9852    0.1711   -0.0066    0.5117
    0.1712   -0.9852    0.0049    0.5484
         0         0         0    1.0000

UR3 transform:
   -0.9998   -0.0187    0.0012    0.9132
   -0.0021    0.0479   -0.9988    0.0065
    0.0186   -0.9987   -0.0479    0.5372
         0         0         0    1.0000

UR5 transform:
   -0.0058   -0.0058   -1.0000   -0.6777
    0.9899    0.1417   -0.0065    0.5097
    0.1418   -0.9899    0.0049    0.5458
         0         0         0    1.0000

UR3 transform:
   -0.9999   -0.0153    0.0008    0.9107
   -0.0014    0.0392   -0.9992    0.0054
    0.0153   -0.9991   -0.0392    0.5364
         0         0         0    1.0000

UR5 transform:
   -0.0058   -0.0056   -1.0000   -0.6811
    0.9933    0.1155   -0.0064    0.5078
    0.1156   -0.9933    0.0048    0.5434
         0         0         0    1.0000

UR3 transform:
   -0.9999   -0.0124    0.0005    0.9086
   -0.0009    0.0314   -0.9995    0.0043
    0.0123   -0.9994   -0.0314    0.5357
         0         0         0    1.0000

UR5 transform:
   -0.0059   -0.0054   -1.0000   -0.6840
    0.9957    0.0925   -0.0064    0.5062
    0.0925   -0.9957    0.0048    0.5414
         0         0         0    1.0000

UR3 transform:
   -1.0000   -0.0097    0.0003    0.9067
   -0.0006    0.0247   -0.9997    0.0034
    0.0097   -0.9996   -0.0247    0.5352
         0         0         0    1.0000

UR5 transform:
   -0.0059   -0.0052   -1.0000   -0.6866
    0.9973    0.0725   -0.0063    0.5049
    0.0725   -0.9974    0.0048    0.5396
         0         0         0    1.0000

UR3 transform:
   -1.0000   -0.0075    0.0002    0.9051
   -0.0003    0.0189   -0.9998    0.0026
    0.0075   -0.9998   -0.0189    0.5347
         0         0         0    1.0000

UR5 transform:
   -0.0060   -0.0051   -1.0000   -0.6888
    0.9984    0.0554   -0.0063    0.5037
    0.0554   -0.9985    0.0047    0.5381
         0         0         0    1.0000

UR3 transform:
   -1.0000   -0.0056    0.0001    0.9038
   -0.0002    0.0140   -0.9999    0.0019
    0.0056   -0.9999   -0.0140    0.5343
         0         0         0    1.0000

UR5 transform:
   -0.0060   -0.0049   -1.0000   -0.6906
    0.9991    0.0411   -0.0062    0.5027
    0.0411   -0.9991    0.0047    0.5368
         0         0         0    1.0000

UR3 transform:
   -1.0000   -0.0040    0.0000    0.9027
   -0.0001    0.0100   -0.9999    0.0014
    0.0040   -0.9999   -0.0100    0.5340
         0         0         0    1.0000

UR5 transform:
   -0.0060   -0.0048   -1.0000   -0.6921
    0.9995    0.0294   -0.0062    0.5019
    0.0294   -0.9996    0.0047    0.5358
         0         0         0    1.0000

UR3 transform:
   -1.0000   -0.0028    0.0000    0.9018
   -0.0000    0.0069   -1.0000    0.0009
    0.0028   -1.0000   -0.0069    0.5338
         0         0         0    1.0000

UR5 transform:
   -0.0061   -0.0048   -1.0000   -0.6933
    0.9998    0.0200   -0.0061    0.5013
    0.0200   -0.9998    0.0046    0.5350
         0         0         0    1.0000

UR3 transform:
   -1.0000   -0.0018    0.0000    0.9012
   -0.0000    0.0044   -1.0000    0.0006
    0.0018   -1.0000   -0.0044    0.5336
         0         0         0    1.0000

UR5 transform:
   -0.0061   -0.0047   -1.0000   -0.6942
    0.9999    0.0128   -0.0061    0.5008
    0.0129   -0.9999    0.0046    0.5344
         0         0         0    1.0000

UR3 transform:
   -1.0000   -0.0011   -0.0000    0.9007
    0.0000    0.0026   -1.0000    0.0004
    0.0011   -1.0000   -0.0026    0.5335
         0         0         0    1.0000

UR5 transform:
   -0.0061   -0.0047   -1.0000   -0.6949
    1.0000    0.0076   -0.0061    0.5004
    0.0076   -1.0000    0.0046    0.5339
         0         0         0    1.0000

UR3 transform:
   -1.0000   -0.0006   -0.0000    0.9003
    0.0000    0.0014   -1.0000    0.0002
    0.0006   -1.0000   -0.0014    0.5334
         0         0         0    1.0000

UR5 transform:
   -0.0061   -0.0046   -1.0000   -0.6953
    1.0000    0.0040   -0.0061    0.5002
    0.0040   -1.0000    0.0046    0.5336
         0         0         0    1.0000

UR3 transform:
   -1.0000   -0.0003   -0.0000    0.9001
    0.0000    0.0006   -1.0000    0.0001
    0.0003   -1.0000   -0.0006    0.5334
         0         0         0    1.0000

UR5 transform:
   -0.0061   -0.0046   -1.0000   -0.6956
    1.0000    0.0018   -0.0061    0.5000
    0.0018   -1.0000    0.0046    0.5334
         0         0         0    1.0000

UR3 transform:
   -1.0000   -0.0001   -0.0000    0.9000
    0.0000    0.0002   -1.0000    0.0000
    0.0001   -1.0000   -0.0002    0.5333
         0         0         0    1.0000

UR5 transform:
   -0.0061   -0.0046   -1.0000   -0.6958
    1.0000    0.0006   -0.0061    0.5000
    0.0006   -1.0000    0.0046    0.5333
         0         0         0    1.0000

UR3 transform:
   -1.0000   -0.0001   -0.0000    0.9000
    0.0000    0.0001   -1.0000    0.0000
    0.0001   -1.0000   -0.0001    0.5333
         0         0         0    1.0000

UR5 transform:
   -0.0061   -0.0046   -1.0000   -0.6958
    1.0000    0.0002   -0.0061    0.4999
    0.0002   -1.0000    0.0046    0.5333
         0         0         0    1.0000

Placing bricks
UR3 transform:
   -1.0000   -0.0000   -0.0000    0.9000
    0.0000    0.0000   -1.0000    0.0000
    0.0000   -1.0000   -0.0000    0.5333
         0         0         0    1.0000

UR5 transform:
   -0.0061   -0.0046   -1.0000   -0.6958
    1.0000    0.0001   -0.0061    0.4999
    0.0001   -1.0000    0.0046    0.5333
         0         0         0    1.0000

UR3 transform:
   -1.0000   -0.0000   -0.0000    0.9000
    0.0000    0.0000   -1.0000    0.0000
    0.0000   -1.0000   -0.0000    0.5333
         0         0         0    1.0000

UR5 transform:
   -0.0061   -0.0046   -1.0000   -0.6958
    1.0000    0.0001   -0.0061    0.4999
    0.0001   -1.0000    0.0046    0.5333
         0         0         0    1.0000

UR3 transform:
   -1.0000   -0.0001   -0.0000    0.9000
    0.0000    0.0001   -1.0000    0.0000
    0.0001   -1.0000   -0.0001    0.5333
         0         0         0    1.0000

UR5 transform:
   -0.0061   -0.0046   -1.0000   -0.6958
    1.0000    0.0002   -0.0061    0.4999
    0.0002   -1.0000    0.0046    0.5333
         0         0         0    1.0000

UR3 transform:
   -1.0000   -0.0002   -0.0000    0.9001
    0.0000    0.0004   -1.0000    0.0001
    0.0002   -1.0000   -0.0004    0.5334
         0         0         0    1.0000

UR5 transform:
   -0.0063   -0.0045   -1.0000   -0.6958
    1.0000    0.0006   -0.0063    0.5000
    0.0006   -1.0000    0.0045    0.5334
         0         0         0    1.0000

UR3 transform:
   -1.0000   -0.0005   -0.0000    0.9003
    0.0000    0.0012   -1.0000    0.0002
    0.0005   -1.0000   -0.0012    0.5334
         0         0         0    1.0000

UR5 transform:
   -0.0067   -0.0043   -1.0000   -0.6958
    1.0000    0.0018   -0.0067    0.5002
    0.0018   -1.0000    0.0043    0.5336
         0         0         0    1.0000

UR3 transform:
   -1.0000   -0.0011   -0.0000    0.9006
    0.0000    0.0027   -1.0000    0.0005
    0.0011   -1.0000   -0.0027    0.5335
         0         0         0    1.0000

UR5 transform:
   -0.0074   -0.0040   -1.0000   -0.6958
    1.0000    0.0040   -0.0074    0.5007
    0.0040   -1.0000    0.0040    0.5339
         0         0         0    1.0000

UR3 transform:
   -1.0000   -0.0021    0.0000    0.9012
   -0.0000    0.0052   -1.0000    0.0010
    0.0021   -1.0000   -0.0052    0.5337
         0         0         0    1.0000

UR5 transform:
   -0.0086   -0.0035   -1.0000   -0.6957
    0.9999    0.0076   -0.0086    0.5014
    0.0076   -1.0000    0.0034    0.5346
         0         0         0    1.0000

UR3 transform:
   -1.0000   -0.0035    0.0000    0.9020
   -0.0001    0.0088   -1.0000    0.0017
    0.0035   -1.0000   -0.0088    0.5339
         0         0         0    1.0000

UR5 transform:
   -0.0104   -0.0027   -0.9999   -0.6956
    0.9999    0.0129   -0.0104    0.5024
    0.0129   -0.9999    0.0025    0.5355
         0         0         0    1.0000

UR3 transform:
   -1.0000   -0.0055    0.0001    0.9032
   -0.0002    0.0137   -0.9999    0.0026
    0.0055   -0.9999   -0.0137    0.5343
         0         0         0    1.0000

UR5 transform:
   -0.0128   -0.0016   -0.9999   -0.6955
    0.9997    0.0200   -0.0128    0.5038
    0.0201   -0.9998    0.0013    0.5367
         0         0         0    1.0000

UR3 transform:
   -1.0000   -0.0080    0.0002    0.9047
   -0.0004    0.0201   -0.9998    0.0038
    0.0080   -0.9998   -0.0201    0.5348
         0         0         0    1.0000

UR5 transform:
   -0.0159   -0.0002   -0.9999   -0.6953
    0.9994    0.0294   -0.0159    0.5057
    0.0294   -0.9996   -0.0002    0.5384
         0         0         0    1.0000

UR3 transform:
   -0.9999   -0.0112    0.0004    0.9066
   -0.0007    0.0281   -0.9996    0.0054
    0.0112   -0.9995   -0.0281    0.5354
         0         0         0    1.0000

UR5 transform:
